vel:
Lt\Lx   0		 1		 2		 3		 4		 5		 eoc_t		
0		1.9e-03	3.1e-04	3.0e-04	3.0e-04	3.0e-04	3.0e-04	--		
1		1.9e-03	1.0e-04	8.3e-05	8.3e-05	8.3e-05	8.3e-05	1.9		
2		2.0e-03	5.5e-05	2.2e-05	2.2e-05	2.2e-05	2.2e-05	1.9		
3		2.0e-03	4.9e-05	6.7e-06	5.7e-06	5.7e-06	5.7e-06	1.9		
4		2.0e-03	4.8e-05	3.5e-06	1.5e-06	1.4e-06	1.4e-06	2.0		
5		2.0e-03	4.7e-05	3.1e-06	4.2e-07	3.5e-07	3.5e-07	2.0		
eoc_x	--		5.4		3.9		2.9		0.2		0.0		
eoc_xt	--		4.2		2.2		2.0		2.0		2.0		


height:
Lt\Lx   0		 1		 2		 3		 4		 5		 eoc_t		
0		7.3e-04	6.7e-05	6.5e-05	6.5e-05	6.5e-05	6.5e-05	--		
1		7.4e-04	2.6e-05	1.7e-05	1.7e-05	1.7e-05	1.7e-05	1.9		
2		7.4e-04	2.0e-05	4.5e-06	4.5e-06	4.5e-06	4.5e-06	2.0		
3		7.4e-04	2.0e-05	1.6e-06	1.1e-06	1.1e-06	1.1e-06	2.0		
4		7.4e-04	2.0e-05	1.3e-06	2.9e-07	2.8e-07	2.8e-07	2.0		
5		7.4e-04	1.9e-05	1.3e-06	1.0e-07	6.7e-08	6.8e-08	2.1		
eoc_x	--		5.3		3.9		3.7		0.6		-0.0		
eoc_xt	--		4.8		2.5		2.0		2.0		2.1		


