vel:
Lt\Lx   0		 1		 2		 3		 4		 5		 eoc_t		
0		9.4e-03	2.4e-03	6.8e-04	3.4e-04	3.1e-04	3.0e-04	--		
1		9.4e-03	2.4e-03	6.2e-04	1.7e-04	9.1e-05	8.3e-05	1.9		
2		9.4e-03	2.4e-03	6.1e-04	1.6e-04	4.4e-05	2.4e-05	1.8		
3		9.5e-03	2.4e-03	6.1e-04	1.5e-04	3.8e-05	1.1e-05	1.1		
4		9.5e-03	2.4e-03	6.1e-04	1.5e-04	3.8e-05	9.6e-06	0.2		
5		9.5e-03	2.4e-03	6.1e-04	1.5e-04	3.8e-05	9.5e-06	0.0		
eoc_x	--		2.0		2.0		2.0		2.0		2.0		
eoc_xt	--		2.0		2.0		2.0		2.0		2.0		


height:
Lt\Lx   0		 1		 2		 3		 4		 5		 eoc_t		
0		6.3e-03	1.7e-03	4.4e-04	1.4e-04	7.6e-05	6.8e-05	--		
1		6.3e-03	1.7e-03	4.3e-04	1.1e-04	3.4e-05	2.0e-05	1.8		
2		6.3e-03	1.7e-03	4.3e-04	1.1e-04	2.8e-05	8.6e-06	1.2		
3		6.3e-03	1.7e-03	4.3e-04	1.1e-04	2.7e-05	6.9e-06	0.3		
4		6.3e-03	1.7e-03	4.2e-04	1.1e-04	2.6e-05	6.7e-06	0.0		
5		6.3e-03	1.7e-03	4.2e-04	1.1e-04	2.6e-05	6.6e-06	0.0		
eoc_x	--		1.9		2.0		2.0		2.0		2.0		
eoc_xt	--		1.9		2.0		2.0		2.0		2.0		


