vel:
Lt\Lx   0		 1		 2		 3		 4		 5		 eoc_t		
0		5.3e-03	1.5e-03	1.6e-03	1.8e-03	1.9e-03	1.9e-03	--		
1		5.7e-03	1.3e-03	7.6e-04	8.9e-04	9.4e-04	9.5e-04	1.0		
2		6.0e-03	1.4e-03	3.9e-04	4.2e-04	4.6e-04	4.8e-04	1.0		
3		6.2e-03	1.5e-03	3.3e-04	1.9e-04	2.3e-04	2.4e-04	1.0		
4		6.2e-03	1.6e-03	3.6e-04	9.7e-05	1.1e-04	1.2e-04	1.0		
5		6.3e-03	1.6e-03	3.9e-04	8.2e-05	4.8e-05	5.6e-05	1.0		
eoc_x	--		1.9		2.1		2.2		0.8		-0.2		
eoc_xt	--		2.0		1.7		1.0		0.9		0.9		


height:
Lt\Lx   0		 1		 2		 3		 4		 5		 eoc_t		
0		3.2e-03	1.3e-03	8.1e-04	6.9e-04	6.6e-04	6.6e-04	--		
1		2.9e-03	1.0e-03	4.8e-04	3.6e-04	3.4e-04	3.3e-04	1.0		
2		2.8e-03	8.5e-04	3.3e-04	2.0e-04	1.7e-04	1.7e-04	1.0		
3		2.7e-03	7.8e-04	2.5e-04	1.2e-04	9.1e-05	8.4e-05	1.0		
4		2.7e-03	7.4e-04	2.1e-04	8.1e-05	5.0e-05	4.3e-05	1.0		
5		2.6e-03	7.3e-04	2.0e-04	6.2e-05	3.0e-05	2.3e-05	0.9		
eoc_x	--		1.9		1.9		1.7		1.0		0.4		
eoc_xt	--		1.7		1.6		1.4		1.3		1.1		


