vel:
Lt\Lx   0		 1		 2		 3		 4		 5		 eoc_t		
0		1.7e-03	3.1e-04	3.0e-04	3.0e-04	3.0e-04	3.0e-04	--		
1		1.7e-03	1.0e-04	8.3e-05	8.3e-05	8.3e-05	8.3e-05	1.9		
2		1.7e-03	5.7e-05	2.2e-05	2.2e-05	2.2e-05	2.2e-05	1.9		
3		1.7e-03	5.1e-05	6.7e-06	5.7e-06	5.7e-06	5.7e-06	1.9		
4		1.7e-03	5.0e-05	3.6e-06	1.5e-06	1.4e-06	1.4e-06	2.0		
5		1.7e-03	5.0e-05	3.2e-06	4.2e-07	3.5e-07	3.5e-07	2.0		
eoc_x	--		5.1		4.0		2.9		0.2		0.0		
eoc_xt	--		4.0		2.2		2.0		2.0		2.0		


height:
Lt\Lx   0		 1		 2		 3		 4		 5		 eoc_t		
0		6.4e-04	6.7e-05	6.5e-05	6.5e-05	6.5e-05	6.5e-05	--		
1		6.5e-04	2.7e-05	1.7e-05	1.7e-05	1.7e-05	1.7e-05	1.9		
2		6.5e-04	2.1e-05	4.5e-06	4.5e-06	4.5e-06	4.5e-06	2.0		
3		6.5e-04	2.1e-05	1.7e-06	1.1e-06	1.1e-06	1.1e-06	2.0		
4		6.5e-04	2.1e-05	1.4e-06	2.9e-07	2.8e-07	2.8e-07	2.0		
5		6.5e-04	2.1e-05	1.4e-06	1.1e-07	6.7e-08	6.8e-08	2.1		
eoc_x	--		5.0		3.9		3.7		0.6		-0.0		
eoc_xt	--		4.6		2.6		2.0		2.0		2.1		


